1000
218
684
272
321
910
33
151
125
24
788
429
455
779
995
354
386
873
184
702
648
884
261
628
308
664
103
978
722
619
867
487
850
837
95
589
438
677
268
257
155
758
935
733
804
745
480
902
343
916
729
746
416
414
20
132
748
135
686
913
806
77
983
655
142
632
555
775
441
894
882
509
557
681
280
831
107
637
485
942
728
961
861
339
810
362
212
851
818
469
823
246
965
955
698
700
435
615
209
215
720
424
874
583
224
484
89
346
173
880
668
376
319
814
945
984
160
921
74
100
196
436
413
86
639
647
696
278
927
649
734
618
543
606
230
497
37
544
574
807
529
25
856
528
30
29
243
314
725
907
697
932
898
492
772
859
579
57
889
950
106
732
657
396
845
177
446
388
286
778
200
613
41
333
65
163
727
463
800
73
240
147
229
256
401
600
202
248
70
366
862
26
239
458
44
755
883
591
553
462
707
167
799
585
494
757
626
629
517
969
234
673
763
259
114
972
2
909
58
660
428
88
472
919
594
631
379
317
357
312
803
634
780
801
110
43
168
966
881
858
692
267
187
781
377
398
709
975
231
402
313
994
122
564
133
929
67
663
885
705
443
281
706
737
827
680
102
320
682
138
179
194
467
915
954
121
52
383
190
476
289
205
766
213
222
514
765
53
541
226
587
348
551
817
185
511
69
40
169
296
158
491
893
131
12
540
214
538
193
773
731
59
633
643
49
425
310
17
387
136
98
46
84
751
392
832
609
385
199
996
738
274
717
562
448
175
188
712
622
815
355
947
641
821
403
51
979
925
569
895
227
405
762
332
602
361
207
461
899
250
92
410
578
459
976
373
483
843
822
519
760
756
115
475
581
368
112
90
835
182
567
596
19
298
568
839
440
798
97
353
295
614
244
4
833
456
888
217
701
154
477
21
119
334
506
380
968
233
518
794
45
974
42
992
372
449
683
211
905
13
635
39
378
768
145
548
54
275
586
283
582
704
174
127
922
393
104
828
948
397
623
172
599
674
23
370
91
129
363
662
607
279
9
797
153
556
143
715
688
134
808
117
120
400
407
679
819
228
149
645
693
292
987
943
390
381
848
192
513
504
522
254
277
836
547
870
944
644
309
536
714
527
930
891
860
159
297
530
32
27
318
604
847
853
409
236
412
18
849
868
269
176
949
364
743
6
124
189
150
911
60
616
75
651
535
384
251
825
496
784
460
711
809
351
699
503
790
178
903
710
432
420
612
990
454
886
457
980
66
197
875
293
749
900
703
989
510
838
624
152
515
918
464
180
466
571
524
113
322
685
465
325
638
937
977
741
611
206
687
904
565
940
439
642
263
340
973
300
573
956
468
502
35
358
365
324
576
0
62
695
255
776
671
408
161
195
603
164
273
939
558
650
924
500
85
68
958
326
879
771
395
191
787
490
534
1
144
433
301
488
811
590
481
789
982
991
716
294
914
539
210
406
508
523
245
148
777
812
141
482
769
542
855
282
592
249
83
774
986
537
55
896
126
920
739
426
560
691
330
654
549
431
14
79
316
601
577
863
666
8
452
718
165
545
399
830
846
287
740
597
857
347
15
235
391
908
186
7
963
479
938
865
669
890
493
998
761
988
421
10
157
344
303
572
841
620
404
238
792
946
730
64
752
499
532
72
183
417
708
444
237
22
47
36
16
61
302
28
993
225
967
252
116
327
369
445
953
791
284
621
941
608
533
742
951
570
82
374
253
917
247
242
146
744
764
271
265
516
605
981
667
933
356
471
723
270
128
474
315
221
584
501
713
306
566
957
93
824
123
520
382
341
367
997
290
912
670
137
897
661
262
371
352
171
338
783
931
375
81
450
335
162
852
878
266
241
329
959
826
820
109
795
610
442
78
964
48
906
526
434
588
350
345
505
63
872
721
871
342
676
726
786
876
864
140
139
198
80
546
181
512
750
593
328
796
336
331
672
834
307
877
223
928
653
869
627
203
689
285
844
31
264
5
105
76
305
56
625
934
349
971
829
659
389
232
507
430
854
926
166
437
960
559
887
813
359
736
478
216
495
34
770
220
793
11
130
451
630
694
554
427
208
38
759
595
94
288
219
260
767
690
665
866
658
652
640
892
521
337
453
952
489
419
782
360
473
311
447
840
108
531
985
754
598
580
636
936
678
805
656
747
617
842
118
561
87
258
418
552
962
719
563
170
486
816
646
3
291
101
525
422
299
276
785
901
675
96
411
470
415
753
99
550
304
394
498
735
575
970
323
923
111
423
204
802
71
999
201
724
156
50
